660,137149
660,59273
660,129127
660,269543
660,124423
660,21767
660,172087
660,77438
660,123858
660,111730
660,188158
660,145165
660,11963
660,47213
660,28519
660,129200
660,182125
660,255934
660,89760
660,76896
660,44203
660,135368
660,30554
660,90494
660,89099
660,354989
660,181723
660,8765
660,170464
660,69877
660,72349
660,103697
660,90334
660,194278
660,36898
660,93919
660,6069
660,177400
660,105020
660,129904
660,38771
660,225197
660,81231
660,33080
660,130210
660,62414
660,196375
660,48473
660,217267
660,380303
660,31078
660,180527
660,116670
660,157012
660,149092
660,232756
660,131379
660,10531
660,64543
660,46926
660,29139
660,92854
660,360930
660,157133
660,147427
660,224268
660,88776
660,66888
660,251020
660,238516
660,104287
660,83785
660,77358
660,250804
660,145763
660,186068
660,79148
660,167386
660,18897
660,108493
660,41534
660,58049
660,251899
660,138248
660,14493
660,104875
660,66479
660,281708
660,44930
660,43945
660,172900
660,16690
660,13614
660,107095
660,44748
660,120745
660,378683
660,98118
660,262470
660,134422
660,95371
660,84944
660,201776
660,239896
660,151002
660,281898
660,114717
660,18176
660,206145
660,132737
660,106914
660,123449
660,142504
660,165664
660,55586
660,132453
660,20319
660,68117
660,10369
660,62592
660,212679
660,48965
660,33579
660,186717
660,151650
660,112849
660,20439
660,65589
660,154717
660,136962
660,144161
660,228750
660,62967
660,203788
660,313161
660,276707
660,53968
660,6403
660,67048
660,116530
660,90282
660,355401
660,58231
660,105013
660,124196
660,39387
660,173679
660,146281
660,142732
660,55916
660,59020
660,342823
660,58923
660,198716
660,26282
660,171382
660,76959
660,42692
660,119362
660,124257
660,164739
660,145969
660,61616
660,149604
660,80339
660,229235
660,70830
660,86423
660,72957
660,75073
660,172928
660,69661
660,83336
660,26272
660,322284
660,54739
660,104680
660,82704
660,7283
660,119278
660,160160
660,161197
660,107886
660,187954
660,64900
660,243741
660,227301
660,78159
660,106573
660,88116
660,83233
660,137046
660,112992
660,48472
660,130413
660,126886
660,58754
660,73499
660,160228
660,125955
660,185732
660,80272
660,175025
660,143053
660,200274
660,144302
660,84408
660,131410
660,55377
660,147506
660,98503
660,51157
660,18213
660,81841
660,120815
660,46336
660,60940
660,4161
660,94938
660,102230
660,98784
660,44981
660,48577
660,124154
660,55655
660,256725
660,35127
660,28831
660,280133
660,110980
660,206809
660,190472
660,173778
660,162894
660,23019
660,172596
660,487944
660,153232
660,116651
660,99394
660,16954
660,68305
660,59377
660,25173
660,157915
660,173348
660,235242
660,116584
660,237949
660,86960
660,64353
660,88133
660,15090
660,59133
660,341759
660,22384
660,251489
660,73141
660,130263
660,47804
660,235424
660,60434
660,144453
660,82751
660,14293
660,77522
660,86701
660,170513
660,138520
660,155088
660,204086
660,15046
660,53674
660,80882
660,170561
660,202555
660,83992
660,82125
660,25172
660,63494
660,66273
660,140634
660,21881
660,182459
660,81087
660,194272
660,246524
660,161099
660,155877
660,129954
660,107815
660,150281
660,126565
660,58909
660,86665
660,237135
660,164183
660,70216
660,77332
660,87318
660,50883
660,62047
660,135004
660,88116
660,196000
660,93743
660,185731
660,90372
660,340364
660,23848
660,112905
660,18881
660,27398
660,47057
660,179302
660,285619
660,180222
660,231286
660,139189
660,156278
660,104072
660,36291
660,58034
660,155050
660,119977
660,202927
660,204411
660,101693
660,119782
660,76153
660,44741
660,141317
660,148007
660,213029
660,297700
660,195945
660,244337
660,105998
660,249894
660,67236
660,15946
660,74342
660,78742
660,197822
660,106533
660,172826
660,46072
660,145485
660,79483
660,100631
660,226421
660,52202
660,211296
660,321584
660,172889
660,134190
660,115222
660,173647
660,107861
660,61057
660,47403
660,286184
660,100816
660,196418
660,76440
660,9671
660,75904
660,155171
660,18882
660,348869
660,24562
660,59224
660,154419
660,63707
660,84355
660,257771
660,277956
660,243607
660,108997
660,84252
660,136040
660,87730
660,76559
660,301363
660,113083
660,130144
660,128704
660,141254
660,4591
660,169914
660,25975
660,74510
660,98459
660,61107
660,166129
660,120881
660,165341
660,41122
660,85278
660,162429
660,21631
660,197969
660,167852
660,145608
660,123033
660,262193
660,202888
660,85114
660,198037
660,123343
660,58325
660,119551
660,56071
660,276299
660,64781
660,124257
660,62916
660,191573
660,119686
660,114729
660,166667
660,128827
660,177123
660,83730
660,94350
660,181087
660,107402
660,129708
660,106030
660,59992
660,195842
660,190744
660,271505
660,190846
660,73687
660,143535
660,66337
660,131848
660,112574
660,81426
660,28496
660,274266
660,131433
660,152603
660,85991
660,42915
660,312158
660,94584
660,48537
660,207254
660,62501
660,50284
660,225975
660,76546
660,181763
660,108581
660,75060
660,47848
660,199066
660,215162
660,205151
660,50982
660,134787
660,119098
660,151600
660,133961
660,26841
660,131345
660,298428
660,-1
660,96087
660,76704
660,137259
660,315138
660,122774
660,137454
660,137713
660,312934
660,17937
660,19446
660,334442
660,220297
660,51264
660,112769
660,203614
660,104857
660,53564
660,66568
660,104865
660,165033
660,153189
660,51937
660,99214
660,80988
660,118019
660,60466
660,163746
660,270062
660,107145
660,51799
660,113439
660,63186
660,180084
660,150911
660,166568
660,107190
660,221556
660,357253
660,84374
660,228713
660,49754
660,158891
660,283256
660,381882
660,45253
660,221678
660,32737
660,125418
660,317635
660,166082
660,79645
660,89024
660,83987
660,105669
660,65096
660,218545
660,44507
660,22846
660,385117
660,69796
660,155392
660,138923
660,157760
660,335074
660,78038
660,78033
660,197222
660,63691
660,155068
660,3405
660,119727
660,38821
660,227456
660,112621
660,90421
660,155435
660,12861
660,101537
660,198548
660,140483
660,55469
660,389875
660,35325
660,152334
660,42387
660,27231
660,240650
660,6950
660,225803
660,27215
660,50637
660,100312
660,264026
660,51181
660,296149
660,67211
660,173742
660,29022
660,147343
660,103798
660,27555
660,56232
660,144973
660,120439
660,248189
660,113105
660,179868
660,57057
660,227953
660,251942
660,267414
660,219970
660,2463
660,20792
660,56775
660,93697
660,212389
660,298258
660,6365
660,197557
660,96812
660,85152
660,107072
660,81444
660,147041
660,55638
660,60955
660,66217
660,143064
660,56282
660,67663
660,116274
660,214170
660,188581
660,132583
660,112258
660,33956
660,255772
660,43086
660,196110
660,79207
660,234332
660,104645
660,165341
660,107300
660,38120
660,176788
660,105737
660,45899
660,29827
660,45083
660,20917
660,72774
660,15235
660,61496
660,160104
660,201997
660,58224
660,82091
660,28978
660,169307
660,142646
660,41189
660,60822
660,241388
660,174532
660,122160
660,16866
660,48139
660,128655
660,128645
660,241711
660,16052
660,151281
660,240266
660,122849
660,139077
660,117746
660,159213
660,130215
660,18383
660,140194
660,27620
660,143439
660,208932
660,52466
660,82685
660,32947
660,93913
660,198733
660,105011
660,97463
660,45535
660,109628
660,105694
660,124844
660,127440
660,56727
660,88208
660,77246
660,137922
660,14765
660,185960
660,228666
660,47055
660,249594
660,34080
660,111201
660,25129
660,131528
660,17786
660,72315
660,142560
660,129968
660,50078
660,28109
660,93860
660,210013
660,116801
660,138585
660,50478
660,192144
660,206307
660,224981
660,43039
660,133085
660,104143
660,102037
660,105506
660,160642
660,206862
660,33280
660,79967
660,274292
660,85548
660,207142
660,146412
660,174892
660,139138
660,120592
660,124983
660,77511
660,211455
660,74984
660,139427
660,124712
660,94868
660,175228
660,31024
660,214054
660,51383
660,3404
660,89957
660,183280
660,217840
660,121028
660,93960
660,131626
660,173941
660,234181
660,82412
660,139947
660,167547
660,50591
660,57325
660,42997
660,69869
660,78542
660,137224
660,115635
660,30457
660,295819
660,76276
660,92471
660,292179
660,148257
660,55320
660,46331
660,247397
660,173097
660,44089
660,81293
660,117613
660,191356
660,240479
660,168653
660,49712
660,144719
660,228280
660,102416
660,82435
660,93488
660,128605
660,81693
660,44200
660,67334
660,100536
660,158347
660,144436
660,292519
660,232880
660,45469
660,150871
660,237220
660,122406
660,178736
660,68107
660,39470
660,84233
660,122732
660,212860
660,336918
660,177598
660,212103
660,139429
660,94203
660,78230
660,34610
