540,1119436
540,1076010
540,1042096
540,1026014
540,1071815
540,1114914
540,1052991
540,1034646
540,1007549
540,993990
540,1088173
540,999733
540,989061
540,1151734
540,1099540
540,1040665
540,1058671
540,1085453
540,1051717
540,1031369
540,956828
540,985592
540,1117877
540,1013762
540,1039817
540,955204
540,1051837
540,1107020
540,1071792
540,1021269
540,1032047
540,970572
540,1024945
540,1129505
540,932139
540,1100443
540,1016167
540,1063794
540,1094492
540,1046898
540,1070963
540,993646
540,1131388
540,1084125
540,1025811
540,970784
540,1081546
540,1082224
540,1062424
540,1107412
540,943167
540,1063854
540,1051084
540,1091859
540,1060255
540,1125666
540,1066706
540,1094126
540,1097203
540,1011658
540,1096470
540,1058275
540,1063808
540,958807
540,1003324
540,1010232
540,1023247
540,980746
540,1032174
540,1065713
540,1000724
540,1053430
540,1080365
540,1089044
540,1062304
540,1030284
540,1094331
540,991921
540,1016042
540,1038539
540,1029135
540,974235
540,1162942
540,1071866
540,1027626
540,1078984
540,1074839
540,1125762
540,1009640
540,1045476
540,1020989
540,963546
540,1099255
540,993950
540,1151714
540,1106239
540,1008169
540,1170506
540,1077552
540,1020130
540,1098423
540,1111204
540,1074891
540,1028027
540,1165439
540,1036732
540,1048256
540,1032528
540,1086477
540,1102590
540,1045656
540,1079209
540,1059976
540,1039605
540,980878
540,972455
540,1075487
540,1048286
540,1040207
540,1073390
540,1099502
540,1075948
540,1107631
540,986820
540,978317
540,1085463
540,1079390
540,1028164
540,1037191
540,1055667
540,1030135
540,1094699
540,1103315
540,1032674
540,1032604
540,952871
540,1074588
540,1012821
540,1099871
540,1110118
540,1098504
540,1023102
540,1080539
540,961893
540,1008502
540,1002566
540,1009292
540,1033354
540,1122065
540,999724
540,1051936
540,1029853
540,1011420
540,1056321
540,1075982
540,1159026
540,1083339
540,1002220
540,1089323
540,1073397
540,1044560
540,1131087
540,1038947
540,988534
540,1089923
540,1041568
540,998598
540,1022225
540,1037126
540,1057929
540,1065034
540,965333
540,1136769
540,1095822
540,1047018
540,1005736
540,1007730
540,1028019
540,1015112
540,1078624
540,1097101
540,1099534
540,1080837
540,1038020
540,1027428
540,1052331
540,1067375
540,1051545
540,1006285
540,973151
540,1060505
540,1055739
540,1082609
540,974578
540,1032375
540,1024302
540,1026066
540,1062770
540,979746
540,1040999
540,1017059
540,1076811
540,1008756
540,972754
540,1054176
540,1011384
540,968000
540,995355
540,1082793
540,1117224
540,1036555
540,1089363
540,1004910
540,1042745
540,999008
540,1080788
540,1076709
540,1026271
540,960310
540,1067292
540,1122057
540,1061298
540,1004576
540,1092128
540,1035568
540,1029721
540,1096014
540,1068638
540,1003353
540,1042581
540,1036818
540,996059
540,1031022
540,1093068
540,1028409
540,1079171
540,1073660
540,1096280
540,1101960
540,1097743
540,1013678
540,907066
540,1024484
540,1092997
540,1037751
540,975174
540,1137621
540,996965
540,991091
540,1022642
540,972612
540,1048670
540,1101424
540,1003625
540,1041984
540,1014202
540,985140
540,1012654
540,1091461
540,1006585
540,1082072
540,1062018
540,1008615
540,997321
540,1096015
540,1118728
540,1046314
540,1068521
540,971034
540,1052350
540,1087776
540,1041527
540,1095447
540,1226391
540,1078975
540,1113631
540,977172
540,1043268
540,994771
540,1054674
540,1015967
540,1066368
540,979347
540,1069203
540,1086692
540,946630
540,1104332
540,1079799
540,1121449
540,957355
540,1044020
540,948380
540,1045317
540,1103075
540,1073353
540,1150075
540,1032015
540,1081871
540,1031272
540,1093568
540,1063196
540,1028335
540,1133971
540,1020962
540,1037715
540,1033271
540,1033206
540,1012024
540,1107374
540,1125395
540,1018871
540,1086343
540,1029348
540,1069590
540,1108789
540,1034742
540,1031199
540,963648
540,1076470
540,982195
540,1052248
540,1142788
540,1084877
540,991836
540,1084346
540,1112423
540,1038735
540,1190176
540,1028034
540,1107321
540,1017393
540,1021727
540,1092220
540,1075421
540,1093140
540,1095999
540,1043154
540,1073032
540,1060835
540,963928
540,1016433
540,982909
540,1120522
540,1067997
540,1105955
540,1217150
540,1073894
540,952744
540,997083
540,1096815
540,1057552
540,1076178
540,1078106
540,1017421
540,944909
540,976871
540,996266
540,1045159
540,924303
540,1007309
540,999797
540,1032920
540,1088294
540,1084986
540,1027416
540,1034178
540,997027
540,1128678
540,1117420
540,1091011
540,1097288
540,1152603
540,1071668
540,1120306
540,977004
540,1071493
540,1027532
540,1024526
540,1082667
540,1061755
540,1021067
540,1279612
540,1076060
540,1033728
540,1111183
540,1023910
540,1028841
540,1110811
540,1077508
540,945915
540,1087559
540,1073347
540,1100275
540,1041183
540,1082254
540,1040170
540,1087717
540,1015151
540,962513
540,1072311
540,1109739
540,1084287
540,934582
540,1117750
540,1039460
540,1069354
540,998442
540,963171
540,1044066
540,1139412
540,946662
540,1133021
540,1134113
540,1020225
540,1005838
540,898264
540,994326
540,1061546
540,988291
540,1027318
540,981045
540,1085168
540,989829
540,1058825
540,1049642
540,1017452
540,1055318
540,1114389
540,1040748
540,983520
540,1008425
540,1057575
540,1040687
540,1043743
540,1064569
540,1077451
540,1028938
540,1003309
540,1028528
540,947734
540,1075924
540,1072204
540,931036
540,1019302
540,1031422
540,1031616
540,1063420
540,1082858
540,1058969
540,1098918
540,1015961
540,1028975
540,1034419
540,1086088
540,1014135
540,947592
540,1079740
540,1028764
540,1028500
540,1088658
540,1043326
540,1011065
540,993705
540,1139437
540,1107989
540,1015674
540,1018182
540,1041286
540,1012582
540,1056875
540,1100391
540,1084109
540,974676
540,1063273
540,1015757
540,1078003
540,999993
540,986209
540,1060768
540,1040152
540,1100180
540,1047682
540,1082149
540,1014705
540,995923
540,1002151
540,1126129
540,1056335
540,1027044
540,990170
540,1110758
540,1020399
540,1034689
540,1067231
540,1054679
540,1037776
540,1014883
540,1103918
540,1065340
540,1181287
540,1154714
540,1056649
540,996173
540,1035763
540,1095284
540,1007153
540,976480
540,1093238
540,1002525
540,1012217
540,1215004
540,1075033
540,973603
540,1060179
540,1031287
540,1029718
540,1102999
540,1035911
540,1049366
540,1045084
540,1005591
540,1037067
540,1035669
540,1103723
540,1085505
540,1101974
540,939159
540,1078428
540,1009929
540,1081690
540,1108616
540,1026646
540,1119054
540,1110026
540,1093734
540,1013997
540,1129845
540,1071347
540,996643
540,1081506
540,1056089
540,1113293
540,1055374
540,1105287
540,1023600
540,1090140
540,1085472
540,1062346
540,976277
540,1053122
540,998415
540,995758
540,1031638
540,1048674
540,1032468
540,1024881
540,1079681
540,1052458
540,1076685
540,1009749
540,1075770
540,1003078
540,1085286
540,1045563
540,1011209
540,1063532
540,977651
540,1053228
540,994715
540,1031994
540,1024281
540,1076527
540,1027382
540,1119675
540,932580
540,950917
540,1088195
540,1087237
540,1023426
540,1078453
540,1033869
540,1083492
540,1008301
540,1077234
540,1055938
540,1039454
540,1093679
540,1058375
540,1013383
540,961244
540,1118914
540,1034666
540,1129602
540,1004393
540,1014410
540,1009319
540,1076193
540,1128254
540,1109966
540,1014787
540,1076635
540,1034124
540,1033114
540,1033809
540,1067816
540,1056540
540,1132894
540,1056707
540,1019733
540,1025917
540,1060081
540,1047657
540,1007112
540,1046275
540,1037810
540,1014915
540,1141799
540,1081431
540,1092553
540,1059074
540,1100139
540,1026914
540,1084028
540,1121349
540,953126
540,1022084
540,1009034
540,1039546
540,1023905
540,1098115
540,1070556
540,1213897
540,1052485
540,1153078
540,1122385
540,1067546
540,1025250
540,1016890
540,1125536
540,1058539
540,1099392
540,1054654
540,1130438
540,1029477
540,1055228
540,1049275
540,1008061
540,1041852
540,954765
540,1107229
540,1083171
540,1106979
540,1076826
540,1036784
540,1044356
540,1042494
540,1134015
540,1036544
540,1119758
540,996961
540,993668
540,1083997
540,980399
540,993781
540,1076984
540,1024922
540,1073944
540,1127354
540,1095192
540,947999
540,1017889
540,1051412
540,1025066
540,1120031
540,1102889
540,1012559
540,1080467
540,1068671
540,1035146
540,1015140
540,1004209
540,1126844
540,1011157
540,1084499
540,1000706
540,1050818
540,1089326
540,1008781
540,1085302
540,1012721
540,1074483
540,1060228
540,1104773
540,965143
540,1058824
540,1066623
540,1039108
540,1019574
540,1084524
540,1079794
